spin component  1
0.0405  0.0000  0.0070  0.0000  0.0000  0.0000  0.0000
0.0000  0.1353  0.0000  0.0000  0.0000  0.0000  0.0000
0.0070  0.0000  0.0323  0.0000  0.0000  0.0000  0.0000
0.0000  0.0000  0.0000  0.5334  0.0000  0.4793  0.0000
0.0000  0.0000  0.0000  0.0000  0.4969  0.0000  0.4797
0.0000  0.0000  0.0000  0.4793  0.0000  0.4993  0.0000
0.0000  0.0000  0.0000  0.0000  0.4797  0.0000  0.5287
spin component  2
0.0321  0.0000  0.0052  0.0000  0.0000  0.0000  0.0000
0.0000  0.1134  0.0000  0.0000  0.0000  0.0000  0.0000
0.0052  0.0000  0.0318  0.0000  0.0000  0.0000  0.0000
0.0000  0.0000  0.0000  0.0349  0.0000  0.0028  0.0000
0.0000  0.0000  0.0000  0.0000  0.0291  0.0000  0.0044
0.0000  0.0000  0.0000  0.0028  0.0000  0.0240  0.0000
0.0000  0.0000  0.0000  0.0000  0.0044  0.0000  0.0310
